 4  2  5  3 -127   94 -119  -64    9    0
 3  6  6  5   13  123  -71    6 -115  266
 5  6  4 -8   18   82   55 -119    1 1755
-3  0 -3 -4  118  -15   35   59   61    0
-3 -2  7  5 -116   -9   45   70   -7 1024
 6 -4  4  2  -59 -124   -9  -30  -86    0
 5 -2  7 -1  119  114  -46  -69   18  132
-1 -8 -5 -3  -14  105   48  121  -50    0
-8 -2 -6  7  -59   78  -54  -30   92  522
-3 -5 -8  2   45   88  -85 -106  101    0
 3  6  2  6   10 -121  115    5 -128    0
 0  2  1  2  -86   69  120   85  -99  329
 6 -7 -2  3   19  -72 -125 -119   13  524
 3  5  6 -3  107  -35  -97   53  -43    0
 2  0 -6  4  -82   62   86  -41   29    0
-1 -4  2  7   35   73 -124   17   10    0
-6 -4 -6  0   60   76   49  -98  -14    0
-6 -8  1  6   65  -77  -60   32  -40  318
-8  7  3 -1 -119   18 -118  -60  -21  763
 6 -5  5  6  -58   -7   75   99  -82  574
-4 -5  2  0   42  -35   15   21   11   48
 1  7 -2 -5 -123   65  -14   66   79  109
-5  3  0  6   58   51    6   29  126  163
 5  1 -5  4  -15 -101  -39  120  -39  460
 2  6  7  0   76   -5   53   38  -97  396
-1 -8  1 -6   -8  -87  109  124  -73    0
-1 -7  6  5   92 -108  125  -82   91 1095
-7 -8  7  3   73   50  -82  -92  -48    0
 7 -3  0 -4   81   -4  -57  -88 -106  825
-4  0 -1  7  -62  -50   44  -31  -56    0
 7  7 -6  5   61  -19  -14   30   18  546
-2  7  0  0  109 -127  -27   54   57    0
-1  1 -1 -8  -45  -10  -21  -23 -123  117
-8  7 -8 -8   91   89  -38   45   73    0
-1  3 -2 -6   42  -81   12   21   88    0
 6 -8 -8  3 -114   12   26  -57 -100    0
-6 -1 -7 -7   38  -68  125 -109  115    0
 3 -6  4 -5   47  -88 -103 -105  -77  705
-1  5  6  5   68   13   41   34   -9  404
-5 -4  6  3  -26   26    9  -13   90  131
-7  2  1 -4  -19  -30 -126  -10  -38    0
 5  6  6 -5  -75  -30 -118  -38  -33    0
-7  7 -7  1   68   -1   49   34  -48    0
-6  2 -5  0  -85  -83  -10   85   14  408
-4 -3 -3 -6 -102  -68   94  -51   -3  633
 3 -4  2  0   86  -19   14   43   78  440
 7  6  6  7   10   52   49 -123  -74    0
-8  3 -6 -8  121 -121  -47   60  -72    0
 4 -7 -1 -5 -109   93  -58   73    4    0
-7  5 -6 -4  -37  105  -53  109   77  743
-7 -3  7 -5  109   38  -92  -74  118    0
-6 -4 -7  4  -74   45   23   91 -107  360
 6  4 -6  1    4 -101  116    2   -9    0
-7  6  7  0  -76  -70  110  -38 -120  762
-8  2 -7 -3   45    4 -112 -106  -57  693
-2  2 -4 -7    8  -28  119 -124   28  348
-3 -1  6 -6   41    7  -98   20   28    0
 6 -8  7  6  -38    8   52  -19   61   19
 6  6  7 -6  112  -60   85  -72  115 1454
-6 -5 -7 -7   94  -77   58   47   -6    0
 5 -3  5  0   26  -10   36 -115  -71  269
 7  3  1  6 -106   55   39   75  -64    0
 6  2 -1 -7  -74   26   70  -37  125    0
-4 -3 -1  0 -122   87   97   67  120  250
-2  7 -5 -7  -37 -128 -115  -19  -49    0
-7  7 -5  2   -6  -28   40   -3   97    0
 7  1 -7  0  -95  120  -11  -48 -122    0
 0  5  6 -7  -11   89 -116  122   53    0
-7  2 -6 -8  -63  117  -79   96  -59  322
-8 -7  4 -5   75  123  -78   37  115    0
-4 -2  6 -2 -118   22   80  -59   78 1104
-8 -6  0 -8  -87   -3  -98   84  -95    0
-2  0 -7 -5  -26  102   52  -13  -97    0
-6  2  5 -5   42   29   90   21 -115   36
-2 -7 -1 -1   56  -26  109 -100  121  182
-8 -4  3 -2  -54   69   35  101   19   78
-5  6 -7 -4  -57  -82  -73  -29  -74  346
-6 -5 -3 -7  -60  -85   22   98  -71    0
 2 -7  3 -3  -76 -102   38  -38  127  917
 6 -8  0 -7   -6  -11  109  125  -14    0
 2  3  1  2  -67   94  -50  -34 -124    0
 4 -2  4 -6  -54  -49   67  101  -87    0
 1 -6 -8 -6 -114  -87  101   71   -5    0
-5  0 -2  1  -17 -112 -126   -9  -55  273
 6  3  5 -2  117   72  -79  -70 -113  550
-5  6 -1 -5 -120  -25  101   68  -82    0
-5 -7  1 -8 -110   69   62   73   40    0
-3  2  0 -2   75   95  -73   37  -62    0
-2  1  6 -1   13    5  -77    6  -20    0
-8  1 -3 -7  -47   27  -82  104 -122    0
 1  4  4  2   59  100  -65  -99  -40    0
 3  5 -7 -2   86   98   25  -85   91  834
 2 -2 -6 -1    4  -30  115 -126  115    0
-8 -3  4 -5   18   77   62    9  -72    0
-7  3  2  1  -27  -74 -121  -14  -95    0
-5  2 -1  0 -127   93 -112   64  -56  877
 7  2  5  5  -95   -7  -43   80   31    0
 4  0 -6  3   88   35   45   44 -106  108
 4  1  3 -7   18  -76   25 -119 -106  798
 1 -5  2 -2   85  -43  -62   42  -19   73
